401	0.2225
402	0.226
403	0.2261
404	0.2264
405	0.2268
406	0.2297
407	0.2284
408	0.2315
409	0.2314
410	0.2315
411	0.2312
412	0.2335
413	0.2345
414	0.2313
415	0.2321
416	0.2354
417	0.2345
418	0.2351
419	0.2342
420	0.2346
421	0.2347
422	0.235
423	0.2359
424	0.237
425	0.2366
426	0.2343
427	0.2392
428	0.2373
429	0.2369
430	0.2385
431	0.238
432	0.239
433	0.2392
434	0.2414
435	0.2418
436	0.2419
437	0.2438
438	0.243
439	0.2449
440	0.2434
441	0.2449
442	0.244
443	0.2466
444	0.2448
445	0.2481
446	0.245
447	0.2454
448	0.2469
449	0.2469
450	0.2478
451	0.249
452	0.2492
453	0.2489
454	0.2509
455	0.2506
456	0.2516
457	0.2503
458	0.2489
459	0.2536
460	0.253
461	0.2524
462	0.253
463	0.2532
464	0.2523
465	0.2546
466	0.2525
467	0.2546
468	0.2544
469	0.2548
470	0.2565
471	0.2561
472	0.2558
473	0.2555
474	0.2555
475	0.2558
476	0.2561
477	0.2562
478	0.2569
479	0.2568
480	0.2558
481	0.2565
482	0.2564
483	0.2608
484	0.2576
485	0.2585
486	0.2591
487	0.2578
488	0.2591
489	0.2601
490	0.2589
491	0.2599
492	0.2602
493	0.2608
494	0.2623
495	0.262
496	0.2626
497	0.2622
498	0.263
499	0.2628
500	0.2628
501	0.264
502	0.2627
503	0.2634
504	0.2644
505	0.2629
506	0.2622
507	0.2623
508	0.2646
509	0.2636
510	0.2666
511	0.264
512	0.2642
513	0.2661
514	0.2662
515	0.2665
516	0.2655
517	0.2672
518	0.2687
519	0.2686
520	0.2657
521	0.2676
522	0.2692
523	0.2681
524	0.2705
525	0.2687
526	0.2675
527	0.2664
528	0.2689
529	0.2693
530	0.2668
531	0.2682
532	0.2679
533	0.2717
534	0.2724
535	0.2722
536	0.2702
537	0.2725
538	0.2712
539	0.2711
540	0.2698
541	0.2698
542	0.2723
543	0.2718
544	0.2731
545	0.2734
546	0.2712
547	0.2721
548	0.2709
549	0.2737
550	0.2734
551	0.2709
552	0.2725
553	0.2708
554	0.2715
555	0.2721
556	0.2727
557	0.2706
558	0.2724
559	0.2737
560	0.2712
561	0.274
562	0.2729
563	0.2703
564	0.2713
565	0.271
566	0.2709
567	0.2718
568	0.2722
569	0.2715
570	0.2724
571	0.2749
572	0.274
573	0.2734
574	0.2748
575	0.2737
576	0.2735
577	0.2751
578	0.2747
579	0.2754
580	0.2734
581	0.2768
582	0.2758
583	0.276
584	0.2775
585	0.2752
586	0.2752
587	0.2754
588	0.275
589	0.2759
590	0.2742
591	0.2761
592	0.2762
593	0.2735
594	0.2733
595	0.2736
596	0.2733
597	0.2736
598	0.2766
599	0.2742
600	0.2779
601	0.2774
602	0.2748
603	0.277
604	0.2777
605	0.2755
606	0.2748
607	0.2756
608	0.2736
609	0.2734
610	0.2749
611	0.2755
612	0.2749
613	0.2768
614	0.2742
615	0.2758
616	0.2768
617	0.2756
618	0.2768
619	0.2762
620	0.2763
621	0.2783
622	0.2769
623	0.2757
624	0.2757
625	0.2777
626	0.2777
627	0.2777
628	0.2777
629	0.2761
630	0.2763
631	0.2771
632	0.2779
633	0.276
634	0.2769
635	0.2765
636	0.2775
637	0.2781
638	0.2768
639	0.2794
640	0.2794
641	0.2793
642	0.281
643	0.2802
644	0.2789
645	0.2793
646	0.2802
647	0.2812
648	0.2813
649	0.2785
650	0.2797
651	0.2786
652	0.2811
653	0.2799
654	0.2812
655	0.2805
656	0.2778
657	0.2806
658	0.2778
659	0.2801
660	0.279
661	0.2779
662	0.2798
663	0.2784
664	0.2784
665	0.2792
666	0.2802
667	0.2787
668	0.2776
669	0.2815
670	0.2809
671	0.2779
672	0.2818
673	0.2774
674	0.2788
675	0.2775
676	0.2789
677	0.2801
678	0.2809
679	0.2782
680	0.2792
681	0.2791
682	0.2793
683	0.2757
684	0.2769
685	0.2791
686	0.2775
687	0.2777
688	0.2787
689	0.2773
690	0.2785
691	0.2768
692	0.2781
693	0.2826
694	0.2789
695	0.278
696	0.279
697	0.2795
698	0.2785
699	0.2786
700	0.2804
701	0.2779
702	0.2792
703	0.2795
704	0.2817
705	0.2768
706	0.2809
707	0.2746
708	0.278
709	0.2788
710	0.2787
711	0.2808
712	0.2808
713	0.2796
714	0.2789
715	0.2778
716	0.2781
717	0.2787
718	0.279
719	0.2799
720	0.2791
721	0.2772
722	0.2783
723	0.2794
724	0.2786
725	0.279
726	0.2782
727	0.2787
728	0.2778
729	0.2805
730	0.2785
731	0.2805
732	0.2787
733	0.2803
734	0.2795
735	0.2786
736	0.2797
737	0.2792
738	0.2775
739	0.279
740	0.2801
741	0.2818
742	0.2806
743	0.2794
744	0.2803
745	0.2791
746	0.2781
747	0.2781
748	0.2774
749	0.2786
750	0.2785
751	0.2786
752	0.2775
753	0.2781
754	0.2779
755	0.2768
756	0.2802
757	0.2795
758	0.2816
759	0.2815
760	0.281
761	0.2783
762	0.2768
763	0.2774
764	0.277
765	0.2771
766	0.2807
767	0.2783
768	0.2794
769	0.2811
770	0.2808
771	0.2783
772	0.2766
773	0.2832
774	0.2802
775	0.2783
776	0.2814
777	0.2807
778	0.2775
779	0.2776
780	0.2765
781	0.2792
782	0.2793
783	0.2783
784	0.2783
785	0.2795
786	0.2796
787	0.2777
788	0.2777
789	0.2787
790	0.2776
791	0.2789
792	0.2787
793	0.2796
794	0.278
795	0.2786
796	0.2777
797	0.2808
798	0.2774
799	0.279
800	0.2781
401	0.03609
402	0.03836
403	0.03836
404	0.03836
405	0.03836
406	0.03836
407	0.03836
408	0.03836
409	0.03836
410	0.03836
411	0.03836
412	0.03836
413	0.03836
414	0.03836
415	0.03836
416	0.03658
417	0.0392
418	0.0392
419	0.0392
420	0.0392
421	0.0392
422	0.04004
423	0.04004
424	0.04004
425	0.04004
426	0.04004
427	0.04004
428	0.04004
429	0.04004
430	0.04004
431	0.04004
432	0.04004
433	0.04004
434	0.04004
435	0.04004
436	0.04004
437	0.04004
438	0.04004
439	0.04004
440	0.04004
441	0.04004
442	0.04004
443	0.03962
444	0.03962
445	0.03962
446	0.03962
447	0.03962
448	0.03962
449	0.03962
450	0.03962
451	0.03962
452	0.03962
453	0.03962
454	0.03962
455	0.03962
456	0.03962
457	0.03962
458	0.04067
459	0.04067
460	0.04067
461	0.04067
462	0.04067
463	0.04067
464	0.04067
465	0.04067
466	0.04067
467	0.04067
468	0.04067
469	0.04067
470	0.04067
471	0.04067
472	0.04067
473	0.04067
474	0.04067
475	0.03845
476	0.03845
477	0.0389
478	0.0389
479	0.0389
480	0.04041
481	0.04059
482	0.04059
483	0.03855
484	0.03855
485	0.03855
486	0.03855
487	0.03855
488	0.03855
489	0.03764
490	0.03764
491	0.03764
492	0.03764
493	0.03764
494	0.03764
495	0.03764
496	0.03764
497	0.03764
498	0.03764
499	0.03764
500	0.03764
501	0.03764
502	0.03764
503	0.03764
504	0.03764
505	0.03764
506	0.03764
507	0.03764
508	0.03764
509	0.03764
510	0.03764
511	0.03764
512	0.03764
513	0.03764
514	0.03919
515	0.03919
516	0.03919
517	0.03919
518	0.03919
519	0.03919
520	0.03919
521	0.03919
522	0.03919
523	0.03919
524	0.03814
525	0.03814
526	0.03814
527	0.03814
528	0.03814
529	0.03817
530	0.03817
531	0.03817
532	0.03817
533	0.03817
534	0.03817
535	0.03817
536	0.03817
537	0.03761
538	0.03761
539	0.03761
540	0.03761
541	0.03761
542	0.03761
543	0.03761
544	0.04043
545	0.04043
546	0.04043
547	0.04043
548	0.04043
549	0.04043
550	0.04043
551	0.04043
552	0.03857
553	0.03857
554	0.03857
555	0.03857
556	0.03857
557	0.03857
558	0.03857
559	0.03857
560	0.03857
561	0.03857
562	0.03857
563	0.03857
564	0.03857
565	0.03857
566	0.03857
567	0.04041
568	0.04041
569	0.04041
570	0.04041
571	0.04041
572	0.04041
573	0.04041
574	0.04041
575	0.0388
576	0.0388
577	0.0388
578	0.0388
579	0.04215
580	0.04215
581	0.04215
582	0.04242
583	0.04242
584	0.04242
585	0.0388
586	0.0406
587	0.0406
588	0.0406
589	0.0406
590	0.0406
591	0.0406
592	0.04112
593	0.04112
594	0.04112
595	0.04112
596	0.04112
597	0.04112
598	0.04118
599	0.04118
600	0.04118
601	0.04118
602	0.04118
603	0.04118
604	0.04118
605	0.04118
606	0.04118
607	0.03816
608	0.03816
609	0.03816
610	0.03816
611	0.03816
612	0.03816
613	0.03816
614	0.03816
615	0.03816
616	0.03816
617	0.03816
618	0.03816
619	0.03816
620	0.03816
621	0.03816
622	0.03816
623	0.03816
624	0.03816
625	0.03816
626	0.03816
627	0.03816
628	0.03816
629	0.04191
630	0.04191
631	0.04191
632	0.04191
633	0.04191
634	0.04191
635	0.04191
636	0.04191
637	0.04191
638	0.04191
639	0.04191
640	0.04191
641	0.04191
642	0.04191
643	0.04191
644	0.04191
645	0.04191
646	0.04191
647	0.04191
648	0.04191
649	0.04378
650	0.04378
651	0.04378
652	0.04378
653	0.04374
654	0.04374
655	0.04374
656	0.04343
657	0.04343
658	0.04343
659	0.04343
660	0.04343
661	0.04343
662	0.04343
663	0.04202
664	0.04202
665	0.04202
666	0.04202
667	0.04202
668	0.04202
669	0.04339
670	0.04339
671	0.04339
672	0.04339
673	0.04339
674	0.04339
675	0.04339
676	0.04339
677	0.03925
678	0.0376
679	0.0376
680	0.0376
681	0.0376
682	0.0376
683	0.0376
684	0.0376
685	0.0376
686	0.0376
687	0.0376
688	0.0376
689	0.04066
690	0.04066
691	0.04066
692	0.04066
693	0.04066
694	0.04022
695	0.04022
696	0.04022
697	0.04022
698	0.04022
699	0.04022
700	0.04022
701	0.0423
702	0.0423
703	0.0423
704	0.0423
705	0.0423
706	0.0423
707	0.0423
708	0.0423
709	0.0423
710	0.0423
711	0.04354
712	0.04354
713	0.04354
714	0.04354
715	0.04354
716	0.04354
717	0.04354
718	0.04354
719	0.04354
720	0.04354
721	0.04354
722	0.04354
723	0.04354
724	0.04354
725	0.04354
726	0.04354
727	0.04354
728	0.04354
729	0.0428
730	0.0428
731	0.0428
732	0.0428
733	0.0428
734	0.0428
735	0.0428
736	0.0428
737	0.0428
738	0.0428
739	0.0428
740	0.04237
741	0.04237
742	0.04237
743	0.04237
744	0.04237
745	0.04237
746	0.04237
747	0.04237
748	0.04237
749	0.04237
750	0.04237
751	0.04237
752	0.04097
753	0.04097
754	0.04097
755	0.04097
756	0.04097
757	0.04097
758	0.04097
759	0.04427
760	0.04427
761	0.04427
762	0.04209
763	0.04353
764	0.04353
765	0.04353
766	0.04306
767	0.04306
768	0.04309
769	0.04309
770	0.04309
771	0.04309
772	0.04309
773	0.04052
774	0.04052
775	0.04052
776	0.04052
777	0.04052
778	0.04052
779	0.04052
780	0.04052
781	0.04052
782	0.04052
783	0.04052
784	0.04052
785	0.04052
786	0.04205
787	0.04205
788	0.04205
789	0.04205
790	0.04205
791	0.04205
792	0.04205
793	0.04205
794	0.04205
795	0.04205
796	0.04205
797	0.04205
798	0.04205
799	0.04205
800	0.04205
401	-0.004654
402	-0.004654
403	-0.004654
404	-0.004654
405	-0.004654
406	-0.004654
407	-0.004654
408	-0.004654
409	-0.004654
410	-0.004654
411	-0.004654
412	-0.004654
413	-0.004654
414	-0.004654
415	-0.004654
416	-0.004654
417	-0.004654
418	-0.004654
419	-0.004654
420	-0.007683
421	-0.005963
422	-0.005963
423	-0.005963
424	-0.005963
425	-0.005963
426	-0.005969
427	-0.005969
428	-0.005969
429	-0.005969
430	-0.005969
431	-0.004331
432	-0.004331
433	-0.004331
434	-0.004048
435	-0.004048
436	-0.004048
437	-0.004048
438	-0.004048
439	-0.004048
440	-0.005827
441	-0.005827
442	-0.005827
443	-0.005827
444	-0.005827
445	-0.005827
446	-0.005827
447	-0.005827
448	-0.006491
449	-0.006491
450	-0.006491
451	-0.005886
452	-0.005886
453	-0.005886
454	-0.005886
455	-0.005886
456	-0.005886
457	-0.005886
458	-0.005886
459	-0.005886
460	-0.005886
461	-0.005886
462	-0.005886
463	-0.005886
464	-0.005886
465	-0.005886
466	-0.005886
467	-0.005886
468	-0.005886
469	-0.005886
470	-0.005886
471	-0.005886
472	-0.005886
473	-0.005886
474	-0.005886
475	-0.005886
476	-0.008488
477	-0.007764
478	-0.004151
479	-0.004151
480	-0.004151
481	-0.004151
482	-0.004151
483	-0.004151
484	-0.004151
485	-0.004151
486	-0.00928
487	-0.00928
488	-0.00928
489	-0.005178
490	-0.004622
491	-0.004622
492	-0.004622
493	-0.01037
494	-0.003522
495	-0.003522
496	-0.003522
497	-7.332E-4
498	-7.332E-4
499	-7.332E-4
500	-0.005615
501	-0.005615
502	-0.005595
503	-0.002816
504	-0.002816
505	-0.002816
506	-0.002816
507	-0.002816
508	-0.002816
509	-0.002816
510	-0.002816
511	-0.002816
512	-0.007093
513	-0.007093
514	-0.007093
515	-0.007093
516	-0.007093
517	-0.00575
518	-0.00575
519	-0.00575
520	-0.00575
521	-0.00575
522	-0.00575
523	-0.00575
524	-0.00575
525	-0.00575
526	-0.00575
527	-0.00575
528	-0.00575
529	-0.00575
530	-0.00575
531	-0.00575
532	-0.00575
533	-0.00575
534	-0.00575
535	-0.00575
536	-0.005066
537	-0.005066
538	-0.005066
539	-0.005066
540	-0.005066
541	-0.005066
542	-0.005066
543	-0.005066
544	-0.005066
545	-0.005066
546	-0.005066
547	-0.005066
548	-0.005066
549	-0.005066
550	-0.004646
551	-0.004646
552	-0.004646
553	-0.004646
554	-0.004646
555	-0.006261
556	-0.006261
557	-0.006261
558	-0.006261
559	-0.006261
560	-0.006261
561	-0.006261
562	-0.006261
563	-0.006261
564	-0.006261
565	-0.006261
566	-0.004832
567	-0.004832
568	-0.004832
569	-0.004832
570	-0.004832
571	-0.004832
572	-0.004832
573	-0.00717
574	-0.00717
575	-0.006304
576	-0.006304
577	-0.006304
578	-0.006304
579	-0.006304
580	-0.006304
581	-0.005256
582	-0.005256
583	-0.005256
584	-0.005256
585	-0.005256
586	-0.005071
587	-0.005071
588	-0.005071
589	-0.005071
590	-0.005071
591	-0.005071
592	-0.005385
593	-0.005385
594	-0.005385
595	-0.005385
596	-0.005385
597	-0.005385
598	-0.005385
599	-0.005385
600	-0.005385
601	-0.005385
602	-0.005385
603	-0.005385
604	-0.005385
605	-0.005385
606	-0.005385
607	-0.005385
608	-0.005385
609	-0.005385
610	-0.005385
611	-0.005385
612	-0.005385
613	-0.005385
614	-0.005385
615	-0.005385
616	-0.005385
617	-0.005385
618	-0.005385
619	-0.005385
620	-0.005385
621	-0.005385
622	-0.005385
623	-0.005385
624	-0.005385
625	-0.005385
626	-0.005385
627	-0.005385
628	-0.005385
629	-0.005385
630	-0.005538
631	-0.005538
632	-0.004999
633	-0.004999
634	-0.004999
635	-0.004999
636	-0.004999
637	-0.004999
638	-0.004999
639	-0.008559
640	-0.008559
641	-0.008559
642	-0.008559
643	-0.008559
644	-0.008559
645	-0.007324
646	-0.007324
647	-0.007324
648	-0.007324
649	-0.007324
650	-0.007324
651	-0.007324
652	-0.007324
653	-0.007324
654	-0.007324
655	-0.005438
656	-0.005438
657	-0.005438
658	-0.005438
659	-0.005438
660	-0.005438
661	-0.005438
662	-0.005438
663	-0.005718
664	-0.005718
665	-0.005718
666	-0.005718
667	-0.005718
668	-0.005718
669	-0.005718
670	-0.005718
671	-0.005718
672	-0.005718
673	-0.005841
674	-0.005841
675	-0.005841
676	-0.005841
677	-0.005841
678	-0.005841
679	-0.005841
680	-0.005841
681	-0.005841
682	-0.005841
683	-0.005841
684	-0.00417
685	-0.00417
686	-0.00417
687	-0.00417
688	-0.00417
689	-0.00417
690	-0.00417
691	-0.00417
692	-0.00417
693	-0.00417
694	-0.00417
695	-0.00417
696	-0.00417
697	-0.00417
698	-0.00417
699	-0.003326
700	-0.003457
701	-0.003457
702	-0.003457
703	-0.003457
704	-0.00435
705	-0.00435
706	-0.00435
707	-0.00435
708	-0.00435
709	-0.00435
710	-0.00435
711	-0.00435
712	-0.00435
713	-0.00435
714	-0.00435
715	-0.001822
716	-0.001822
717	-0.001822
718	-0.002848
719	-0.004548
720	-0.004548
721	-0.004548
722	-0.004548
723	-0.004548
724	-0.004548
725	-0.003659
726	-0.003659
727	-0.003659
728	-0.003659
729	-0.003659
730	-0.003659
731	-0.003659
732	-0.003659
733	-0.003659
734	-0.003659
735	-0.003659
736	-0.00295
737	-0.00295
738	-0.00295
739	-0.00295
740	-0.00295
741	-0.00295
742	-0.005822
743	-0.005822
744	-0.006201
745	-0.006201
746	-0.006201
747	-0.006201
748	-0.006201
749	-0.006201
750	-0.006201
751	-0.004517
752	-0.004517
753	-0.004517
754	-0.004517
755	-0.004517
756	-0.002925
757	-0.002925
758	-0.005542
759	-0.004922
760	-0.004922
761	-0.004922
762	-0.004922
763	-0.004922
764	-0.004922
765	-0.004922
766	-0.004922
767	-0.004922
768	-0.004922
769	-0.004922
770	-0.004922
771	-0.004922
772	-0.004922
773	-0.004922
774	-0.004922
775	-0.004922
776	-0.004922
777	-0.004922
778	-0.004922
779	-0.004922
780	-0.004922
781	-0.004922
782	-0.004922
783	-0.004922
784	-0.004922
785	-0.005065
786	-0.005065
787	-0.006454
788	-0.006454
789	-0.006454
790	-0.006454
791	-0.006454
792	-0.006454
793	-0.006454
794	-0.006454
795	-0.006454
796	-0.006454
797	-0.006454
798	-0.007106
799	-0.007106
800	-0.007106
401	0.01639
402	0.01639
403	0.01639
404	0.01639
405	0.01639
406	0.01639
407	0.01639
408	0.01639
409	0.011
410	0.01331
411	0.01331
412	0.01331
413	0.01331
414	0.01331
415	0.01331
416	0.01331
417	0.01331
418	0.01331
419	0.01424
420	0.01424
421	0.01424
422	0.01424
423	0.01424
424	0.01308
425	0.01308
426	0.01308
427	0.01308
428	0.01308
429	0.01308
430	0.01308
431	0.01308
432	0.01308
433	0.01308
434	0.01392
435	0.01392
436	0.01392
437	0.01392
438	0.01392
439	0.01392
440	0.01392
441	0.01392
442	0.01392
443	0.01392
444	0.01378
445	0.01378
446	0.01378
447	0.01378
448	0.01378
449	0.01378
450	0.01378
451	0.01378
452	0.01378
453	0.01378
454	0.01378
455	0.01378
456	0.01378
457	0.01378
458	0.01378
459	0.01378
460	0.01502
461	0.01502
462	0.01354
463	0.01251
464	0.01251
465	0.01251
466	0.01251
467	0.01228
468	0.01034
469	0.01034
470	0.01034
471	0.01229
472	0.01229
473	0.01229
474	0.01229
475	0.01229
476	0.01229
477	0.01229
478	0.01253
479	0.01253
480	0.01623
481	0.01623
482	0.01623
483	0.01623
484	0.01623
485	0.01623
486	0.01623
487	0.01623
488	0.01623
489	0.01623
490	0.01623
491	0.01623
492	0.01623
493	0.01728
494	0.01225
495	0.01572
496	0.01572
497	0.01539
498	0.01308
499	0.01308
500	0.01308
501	0.01308
502	0.01308
503	0.01308
504	0.01308
505	0.01308
506	0.01308
507	0.01308
508	0.01308
509	0.01308
510	0.01308
511	0.01308
512	0.01586
513	0.01437
514	0.01437
515	0.01437
516	0.01437
517	0.01437
518	0.01437
519	0.01437
520	0.01437
521	0.01437
522	0.01437
523	0.01437
524	0.01437
525	0.01437
526	0.01437
527	0.01437
528	0.01437
529	0.01437
530	0.01437
531	0.01437
532	0.01437
533	0.01437
534	0.01437
535	0.01437
536	0.01437
537	0.01437
538	0.01437
539	0.01437
540	0.01437
541	0.01437
542	0.01239
543	0.01239
544	0.01239
545	0.01053
546	0.01053
547	0.01053
548	0.01053
549	0.01053
550	0.01319
551	0.01319
552	0.01319
553	0.01319
554	0.01319
555	0.01319
556	0.01247
557	0.01247
558	0.01247
559	0.0126
560	0.0126
561	0.0126
562	0.0126
563	0.01302
564	0.01302
565	0.01302
566	0.01302
567	0.01201
568	0.01201
569	0.01201
570	0.01201
571	0.01201
572	0.01077
573	0.01077
574	0.01437
575	0.01437
576	0.01437
577	0.01437
578	0.01193
579	0.01193
580	0.01193
581	0.01298
582	0.01298
583	0.01016
584	0.01016
585	0.01016
586	0.01016
587	0.01016
588	0.01016
589	0.01016
590	0.01016
591	0.01016
592	0.01016
593	0.01016
594	0.01016
595	0.01016
596	0.01016
597	0.01016
598	0.01016
599	0.01016
600	0.01016
601	0.0108
602	0.0108
603	0.0108
604	0.0108
605	0.0108
606	0.0108
607	0.0108
608	0.01401
609	0.01401
610	0.01401
611	0.01401
612	0.01401
613	0.01401
614	0.01311
615	0.01311
616	0.01311
617	0.01311
618	0.01311
619	0.01311
620	0.01311
621	0.01083
622	0.01083
623	0.01083
624	0.01083
625	0.01083
626	0.01083
627	0.01083
628	0.0118
629	0.0118
630	0.0118
631	0.0118
632	0.00989
633	0.00989
634	0.01114
635	0.01114
636	0.01114
637	0.01114
638	0.01182
639	0.01182
640	0.01182
641	0.01182
642	0.01182
643	0.01182
644	0.01182
645	0.0118
646	0.0118
647	0.0118
648	0.0118
649	0.0118
650	0.0118
651	0.009189
652	0.009189
653	0.009189
654	0.009189
655	0.009189
656	0.009189
657	0.009189
658	0.009189
659	0.009189
660	0.009189
661	0.009189
662	0.009189
663	0.009189
664	0.01047
665	0.01047
666	0.008519
667	0.008519
668	0.008519
669	0.008519
670	0.0086
671	0.0086
672	0.0086
673	0.01007
674	0.01007
675	0.0117
676	0.0117
677	0.0117
678	0.0117
679	0.0117
680	0.0117
681	0.0117
682	0.0117
683	0.0117
684	0.01069
685	0.01069
686	0.01186
687	0.01186
688	0.01186
689	0.01186
690	0.01186
691	0.009444
692	0.01062
693	0.01062
694	0.01062
695	0.008312
696	0.008312
697	0.008312
698	0.008312
699	0.008312
700	0.008312
701	0.008312
702	0.008312
703	0.008312
704	0.008485
705	0.008485
706	0.008485
707	0.008485
708	0.008485
709	0.008485
710	0.008485
711	0.009194
712	0.009194
713	0.009194
714	0.009194
715	0.009194
716	0.009194
717	0.009194
718	0.007315
719	0.007315
720	0.007315
721	0.007315
722	0.007315
723	0.007315
724	0.007315
725	0.007315
726	0.007315
727	0.007315
728	0.008284
729	0.008284
730	0.008284
731	0.00948
732	0.00948
733	0.00948
734	0.00948
735	0.00948
736	0.00948
737	0.00948
738	0.00948
739	0.00948
740	0.00948
741	0.00948
742	0.01174
743	0.008126
744	0.008126
745	0.008126
746	0.01026
747	0.01026
748	0.01026
749	0.01026
750	0.01026
751	0.01026
752	0.01026
753	0.01026
754	0.01026
755	0.01026
756	0.00908
757	0.00908
758	0.00908
759	0.00908
760	0.00908
761	0.008562
762	0.008562
763	0.008562
764	0.008562
765	0.008562
766	0.008562
767	0.008562
768	0.008562
769	0.008562
770	0.009753
771	0.009753
772	0.009753
773	0.009753
774	0.008778
775	0.008778
776	0.008778
777	0.008778
778	0.008778
779	0.009718
780	0.009718
781	0.009718
782	0.009718
783	0.0119
784	0.01282
785	0.01119
786	0.01119
787	0.01119
788	0.01119
789	0.01119
790	0.01119
791	0.01119
792	0.01119
793	0.01119
794	0.01119
795	0.01119
796	0.01105
797	0.009754
798	0.00852
799	0.01123
800	0.01123
401	648600.0
402	648200.0
403	647900.0
404	647500.0
405	6.47E+5
406	646100.0
407	645900.0
408	645600.0
409	645200.0
410	644600.0
411	644200.0
412	643800.0
413	643500.0
414	643100.0
415	642600.0
416	641900.0
417	641600.0
418	641400.0
419	641200.0
420	6.41E+5
421	640400.0
422	6.4E+5
423	639700.0
424	639400.0
425	6.39E+5
426	638400.0
427	637900.0
428	637700.0
429	6.37E+5
430	636700.0
431	636300.0
432	635900.0
433	635400.0
434	635100.0
435	634800.0
436	634200.0
437	633800.0
438	633600.0
439	633100.0
440	632800.0
441	632500.0
442	632400.0
443	632100.0
444	6.32E+5
445	631600.0
446	631100.0
447	630900.0
448	630400.0
449	6.3E+5
450	629600.0
451	629300.0
452	6.29E+5
453	628800.0
454	628600.0
455	628400.0
456	628200.0
457	627900.0
458	627600.0
459	627500.0
460	627300.0
461	6.27E+5
462	626800.0
463	626500.0
464	626300.0
465	6.26E+5
466	625700.0
467	625500.0
468	625400.0
469	625200.0
470	624800.0
471	624600.0
472	624600.0
473	624400.0
474	624200.0
475	6.24E+5
476	623800.0
477	623300.0
478	623200.0
479	623100.0
480	622700.0
481	622600.0
482	622400.0
483	622400.0
484	622100.0
485	621900.0
486	621600.0
487	621500.0
488	621200.0
489	621200.0
490	620700.0
491	620500.0
492	620400.0
493	620100.0
494	619900.0
495	619700.0
496	619500.0
497	619300.0
498	619200.0
499	6.19E+5
500	618600.0
501	618600.0
502	618300.0
503	6.18E+5
504	617900.0
505	617700.0
506	617400.0
507	617100.0
508	617200.0
509	6.17E+5
510	616900.0
511	616800.0
512	616700.0
513	616400.0
514	616100.0
515	6.16E+5
516	615700.0
517	615800.0
518	615400.0
519	615500.0
520	615500.0
521	615300.0
522	614900.0
523	614800.0
524	614800.0
525	614800.0
526	614600.0
527	614500.0
528	614400.0
529	614400.0
530	614100.0
531	613900.0
532	613800.0
533	613600.0
534	613400.0
535	613300.0
536	613200.0
537	6.13E+5
538	6.13E+5
539	6.13E+5
540	612900.0
541	612700.0
542	612600.0
543	612600.0
544	612600.0
545	612400.0
546	6.12E+5
547	612100.0
548	6.12E+5
549	6.12E+5
550	611900.0
551	611800.0
552	611700.0
553	611400.0
554	611400.0
555	611500.0
556	611300.0
557	611200.0
558	6.11E+5
559	611100.0
560	6.11E+5
561	6.11E+5
562	611100.0
563	610900.0
564	610800.0
565	610700.0
566	610700.0
567	610600.0
568	610600.0
569	610500.0
570	610500.0
571	610200.0
572	610200.0
573	610100.0
574	6.1E+5
575	609800.0
576	609700.0
577	609600.0
578	609700.0
579	609600.0
580	609600.0
581	609500.0
582	609600.0
583	609500.0
584	609300.0
585	609300.0
586	609200.0
587	6.09E+5
588	6.09E+5
589	608900.0
590	6.09E+5
591	608800.0
592	608900.0
593	608800.0
594	608800.0
595	608700.0
596	608900.0
597	608800.0
598	608800.0
599	608700.0
600	608700.0
601	608700.0
602	608700.0
603	608800.0
604	608800.0
605	608800.0
606	608700.0
607	608600.0
608	608600.0
609	608700.0
610	608700.0
611	608600.0
612	608500.0
613	608600.0
614	608500.0
615	608600.0
616	608600.0
617	608400.0
618	608300.0
619	608400.0
620	608300.0
621	608300.0
622	608300.0
623	608300.0
624	608300.0
625	608300.0
626	608200.0
627	608200.0
628	6.08E+5
629	6.08E+5
630	608100.0
631	608100.0
632	608100.0
633	608100.0
634	608100.0
635	608100.0
636	607900.0
637	6.08E+5
638	607900.0
639	607900.0
640	6.08E+5
641	607900.0
642	607900.0
643	607900.0
644	607900.0
645	607900.0
646	607900.0
647	607900.0
648	607800.0
649	607900.0
650	607800.0
651	607800.0
652	607700.0
653	607700.0
654	607700.0
655	607700.0
656	607700.0
657	607700.0
658	607700.0
659	607800.0
660	607700.0
661	607800.0
662	607800.0
663	607700.0
664	607700.0
665	607600.0
666	607600.0
667	607700.0
668	607700.0
669	607700.0
670	607600.0
671	607600.0
672	607600.0
673	607600.0
674	607600.0
675	607500.0
676	607400.0
677	607400.0
678	607500.0
679	607500.0
680	607600.0
681	607600.0
682	607600.0
683	607600.0
684	607700.0
685	607600.0
686	607600.0
687	607600.0
688	607600.0
689	607600.0
690	607700.0
691	607600.0
692	607600.0
693	607600.0
694	607600.0
695	607600.0
696	607600.0
697	607500.0
698	607600.0
699	607600.0
700	607600.0
701	607500.0
702	607500.0
703	607500.0
704	607500.0
705	607500.0
706	607600.0
707	607600.0
708	607600.0
709	607600.0
710	607600.0
711	607600.0
712	607500.0
713	607500.0
714	607500.0
715	607600.0
716	607600.0
717	607500.0
718	607500.0
719	607500.0
720	607500.0
721	607600.0
722	607500.0
723	607500.0
724	607600.0
725	607600.0
726	607500.0
727	607600.0
728	607500.0
729	607500.0
730	607500.0
731	607600.0
732	607500.0
733	607500.0
734	607500.0
735	607600.0
736	607600.0
737	607600.0
738	607600.0
739	607500.0
740	607500.0
741	607500.0
742	607500.0
743	607500.0
744	607600.0
745	607600.0
746	607700.0
747	607700.0
748	607600.0
749	607500.0
750	607500.0
751	607500.0
752	607600.0
753	607500.0
754	607500.0
755	607500.0
756	607500.0
757	607600.0
758	607500.0
759	607600.0
760	607700.0
761	607600.0
762	607500.0
763	607500.0
764	607400.0
765	607500.0
766	607500.0
767	607500.0
768	607500.0
769	607500.0
770	607400.0
771	607400.0
772	607400.0
773	607400.0
774	607500.0
775	607300.0
776	607400.0
777	607400.0
778	607500.0
779	607500.0
780	607600.0
781	607500.0
782	607600.0
783	607600.0
784	607500.0
785	607500.0
786	607600.0
787	607500.0
788	607600.0
789	607500.0
790	607400.0
791	607500.0
792	607500.0
793	607500.0
794	607500.0
795	607500.0
796	607500.0
797	607400.0
798	607400.0
799	607400.0
800	607400.0
401	2.516
402	2.511
403	2.525
404	2.532
405	2.517
406	2.53
407	2.531
408	2.519
409	2.533
410	2.523
411	2.522
412	2.53
413	2.54
414	2.54
415	2.545
416	2.53
417	2.547
418	2.537
419	2.529
420	2.534
421	2.549
422	2.547
423	2.54
424	2.549
425	2.552
426	2.55
427	2.547
428	2.545
429	2.549
430	2.55
431	2.556
432	2.558
433	2.562
434	2.561
435	2.564
436	2.551
437	2.556
438	2.562
439	2.567
440	2.571
441	2.569
442	2.571
443	2.572
444	2.565
445	2.562
446	2.561
447	2.573
448	2.571
449	2.57
450	2.573
451	2.579
452	2.575
453	2.577
454	2.578
455	2.57
456	2.577
457	2.581
458	2.587
459	2.583
460	2.582
461	2.58
462	2.586
463	2.584
464	2.582
465	2.579
466	2.582
467	2.587
468	2.575
469	2.585
470	2.584
471	2.588
472	2.587
473	2.585
474	2.586
475	2.582
476	2.581
477	2.582
478	2.588
479	2.58
480	2.588
481	2.592
482	2.589
483	2.588
484	2.586
485	2.589
486	2.594
487	2.591
488	2.587
489	2.591
490	2.591
491	2.594
492	2.589
493	2.592
494	2.59
495	2.595
496	2.592
497	2.595
498	2.591
499	2.589
500	2.586
501	2.588
502	2.591
503	2.593
504	2.593
505	2.595
506	2.593
507	2.595
508	2.595
509	2.592
510	2.589
511	2.597
512	2.594
513	2.596
514	2.595
515	2.599
516	2.595
517	2.599
518	2.592
519	2.593
520	2.598
521	2.593
522	2.593
523	2.591
524	2.592
525	2.594
526	2.585
527	2.588
528	2.59
529	2.591
530	2.588
531	2.59
532	2.589
533	2.592
534	2.589
535	2.591
536	2.589
537	2.587
538	2.584
539	2.591
540	2.583
541	2.589
542	2.586
543	2.585
544	2.587
545	2.589
546	2.59
547	2.594
548	2.597
549	2.589
550	2.594
551	2.598
552	2.598
553	2.594
554	2.593
555	2.594
556	2.594
557	2.594
558	2.598
559	2.593
560	2.595
561	2.593
562	2.59
563	2.591
564	2.594
565	2.593
566	2.595
567	2.589
568	2.594
569	2.594
570	2.597
571	2.599
572	2.6
573	2.599
574	2.596
575	2.596
576	2.594
577	2.599
578	2.594
579	2.598
580	2.601
581	2.603
582	2.601
583	2.603
584	2.601
585	2.598
586	2.6
587	2.599
588	2.605
589	2.602
590	2.605
591	2.604
592	2.604
593	2.605
594	2.6
595	2.599
596	2.605
597	2.6
598	2.604
599	2.603
600	2.602
601	2.602
602	2.605
603	2.601
604	2.599
605	2.599
606	2.593
607	2.597
608	2.599
609	2.597
610	2.595
611	2.6
612	2.6
613	2.599
614	2.6
615	2.601
616	2.598
617	2.599
618	2.597
619	2.601
620	2.597
621	2.601
622	2.602
623	2.601
624	2.601
625	2.595
626	2.599
627	2.599
628	2.596
629	2.597
630	2.594
631	2.596
632	2.596
633	2.599
634	2.6
635	2.598
636	2.598
637	2.599
638	2.598
639	2.6
640	2.596
641	2.598
642	2.595
643	2.593
644	2.594
645	2.593
646	2.591
647	2.593
648	2.59
649	2.591
650	2.592
651	2.593
652	2.594
653	2.591
654	2.59
655	2.596
656	2.592
657	2.593
658	2.593
659	2.597
660	2.593
661	2.596
662	2.597
663	2.594
664	2.595
665	2.595
666	2.594
667	2.595
668	2.595
669	2.596
670	2.595
671	2.592
672	2.596
673	2.594
674	2.597
675	2.596
676	2.596
677	2.597
678	2.597
679	2.597
680	2.599
681	2.599
682	2.602
683	2.598
684	2.596
685	2.596
686	2.594
687	2.596
688	2.593
689	2.595
690	2.592
691	2.59
692	2.594
693	2.597
694	2.595
695	2.597
696	2.597
697	2.599
698	2.594
699	2.596
700	2.599
701	2.597
702	2.598
703	2.601
704	2.602
705	2.598
706	2.597
707	2.599
708	2.601
709	2.598
710	2.595
711	2.598
712	2.596
713	2.595
714	2.595
715	2.591
716	2.595
717	2.592
718	2.595
719	2.599
720	2.597
721	2.598
722	2.595
723	2.593
724	2.592
725	2.591
726	2.594
727	2.595
728	2.592
729	2.594
730	2.597
731	2.595
732	2.594
733	2.592
734	2.591
735	2.593
736	2.594
737	2.592
738	2.593
739	2.596
740	2.596
741	2.596
742	2.598
743	2.594
744	2.598
745	2.592
746	2.595
747	2.595
748	2.596
749	2.596
750	2.6
751	2.598
752	2.598
753	2.594
754	2.599
755	2.598
756	2.6
757	2.603
758	2.603
759	2.606
760	2.602
761	2.601
762	2.6
763	2.603
764	2.608
765	2.604
766	2.604
767	2.605
768	2.604
769	2.602
770	2.603
771	2.602
772	2.599
773	2.597
774	2.594
775	2.597
776	2.604
777	2.597
778	2.596
779	2.598
780	2.595
781	2.596
782	2.6
783	2.602
784	2.597
785	2.598
786	2.599
787	2.598
788	2.604
789	2.604
790	2.6
791	2.602
792	2.601
793	2.597
794	2.596
795	2.598
796	2.6
797	2.596
798	2.598
799	2.596
800	2.593
401	0.1981
402	0.1884
403	0.2039
404	0.1972
405	0.1911
406	0.1828
407	0.1728
408	0.1763
409	0.1805
410	0.1792
411	0.1857
412	0.1721
413	0.1785
414	0.1792
415	0.1685
416	0.1831
417	0.1833
418	0.1788
419	0.1745
420	0.1694
421	0.1812
422	0.1821
423	0.1882
424	0.1805
425	0.1825
426	0.1807
427	0.1853
428	0.1801
429	0.1777
430	0.1724
431	0.1824
432	0.1752
433	0.1756
434	0.1697
435	0.1656
436	0.1685
437	0.1696
438	0.173
439	0.1735
440	0.1701
441	0.1705
442	0.1752
443	0.1703
444	0.1723
445	0.1824
446	0.1739
447	0.1765
448	0.1795
449	0.1707
450	0.1757
451	0.1828
452	0.1767
453	0.1729
454	0.1804
455	0.1688
456	0.1709
457	0.1759
458	0.181
459	0.1752
460	0.1748
461	0.1791
462	0.1803
463	0.1847
464	0.1831
465	0.1783
466	0.1855
467	0.1839
468	0.1858
469	0.188
470	0.1913
471	0.1874
472	0.1905
473	0.1909
474	0.1919
475	0.1969
476	0.1902
477	0.1919
478	0.1878
479	0.1851
480	0.1865
481	0.1897
482	0.1852
483	0.1862
484	0.1862
485	0.1846
486	0.1886
487	0.1827
488	0.1864
489	0.1842
490	0.186
491	0.1843
492	0.1839
493	0.1816
494	0.1847
495	0.1859
496	0.1908
497	0.1923
498	0.1888
499	0.1896
500	0.1884
501	0.1903
502	0.1881
503	0.1872
504	0.1846
505	0.1844
506	0.185
507	0.1868
508	0.1906
509	0.1919
510	0.1936
511	0.1923
512	0.1907
513	0.1913
514	0.1911
515	0.1929
516	0.1915
517	0.1902
518	0.1896
519	0.1898
520	0.1892
521	0.1919
522	0.1898
523	0.1866
524	0.1884
525	0.189
526	0.1933
527	0.1907
528	0.1937
529	0.1929
530	0.1937
531	0.1928
532	0.1945
533	0.1894
534	0.1875
535	0.1902
536	0.1875
537	0.1905
538	0.1906
539	0.1959
540	0.1991
541	0.1968
542	0.1981
543	0.1968
544	0.2003
545	0.2
546	0.1984
547	0.1967
548	0.1979
549	0.1997
550	0.203
551	0.1999
552	0.2019
553	0.1995
554	0.1977
555	0.1996
556	0.1964
557	0.1928
558	0.1889
559	0.1928
560	0.192
561	0.1928
562	0.1942
563	0.1937
564	0.1966
565	0.1991
566	0.198
567	0.1999
568	0.1982
569	0.2005
570	0.1996
571	0.1923
572	0.193
573	0.1951
574	0.1962
575	0.1966
576	0.1934
577	0.1959
578	0.1953
579	0.1926
580	0.1959
581	0.1955
582	0.1936
583	0.1969
584	0.1937
585	0.198
586	0.2006
587	0.1984
588	0.2014
589	0.2012
590	0.2
591	0.1991
592	0.2028
593	0.2006
594	0.1979
595	0.1998
596	0.2002
597	0.1991
598	0.2047
599	0.2009
600	0.2019
601	0.1995
602	0.199
603	0.2004
604	0.1993
605	0.1997
606	0.2
607	0.2015
608	0.2008
609	0.2042
610	0.1996
611	0.2008
612	0.2017
613	0.201
614	0.2034
615	0.2018
616	0.2038
617	0.2038
618	0.2012
619	0.2017
620	0.2013
621	0.1987
622	0.2002
623	0.1995
624	0.2003
625	0.1995
626	0.1977
627	0.201
628	0.2024
629	0.1997
630	0.2012
631	0.2003
632	0.1995
633	0.2014
634	0.2032
635	0.2
636	0.2003
637	0.2027
638	0.2007
639	0.201
640	0.2012
641	0.1995
642	0.2017
643	0.2018
644	0.2024
645	0.2033
646	0.2024
647	0.1987
648	0.1996
649	0.2002
650	0.1984
651	0.1974
652	0.1992
653	0.1975
654	0.2001
655	0.1985
656	0.1994
657	0.1969
658	0.1975
659	0.1996
660	0.1976
661	0.2005
662	0.1984
663	0.2017
664	0.1999
665	0.2008
666	0.2025
667	0.2002
668	0.1991
669	0.1978
670	0.1993
671	0.1975
672	0.1964
673	0.1974
674	0.1945
675	0.1955
676	0.1972
677	0.1941
678	0.1949
679	0.1971
680	0.1939
681	0.194
682	0.1941
683	0.1923
684	0.1924
685	0.195
686	0.1933
687	0.1955
688	0.193
689	0.1948
690	0.1928
691	0.193
692	0.1926
693	0.1928
694	0.1925
695	0.1982
696	0.1953
697	0.1978
698	0.197
699	0.1951
700	0.1914
701	0.1926
702	0.1923
703	0.1937
704	0.1964
705	0.1923
706	0.1966
707	0.1964
708	0.1961
709	0.1939
710	0.1978
711	0.1957
712	0.1932
713	0.1915
714	0.1936
715	0.1919
716	0.1922
717	0.1936
718	0.1937
719	0.1947
720	0.1931
721	0.1914
722	0.1896
723	0.1921
724	0.19
725	0.192
726	0.1943
727	0.1927
728	0.1911
729	0.1929
730	0.1939
731	0.1945
732	0.194
733	0.1941
734	0.1944
735	0.1946
736	0.1934
737	0.1962
738	0.1983
739	0.1978
740	0.1963
741	0.1973
742	0.1961
743	0.1964
744	0.1971
745	0.1983
746	0.1989
747	0.2009
748	0.2012
749	0.1997
750	0.1978
751	0.2008
752	0.2023
753	0.1966
754	0.1959
755	0.1936
756	0.1955
757	0.1954
758	0.1965
759	0.1982
760	0.1973
761	0.1962
762	0.1949
763	0.1985
764	0.1978
765	0.1957
766	0.1988
767	0.1978
768	0.1946
769	0.1973
770	0.1949
771	0.1987
772	0.1965
773	0.1961
774	0.1969
775	0.1963
776	0.1943
777	0.1938
778	0.1949
779	0.1973
780	0.1931
781	0.1929
782	0.1963
783	0.1939
784	0.1966
785	0.1961
786	0.1929
787	0.1928
788	0.1926
789	0.1932
790	0.1937
791	0.1935
792	0.195
793	0.1941
794	0.1952
795	0.1975
796	0.1987
797	0.1965
798	0.1961
799	0.1979
800	0.1984
401	0.303
402	0.3042
403	0.2981
404	0.3004
405	0.2991
406	0.2912
407	0.2867
408	0.2839
409	0.2754
410	0.2854
411	0.2784
412	0.2776
413	0.274
414	0.2684
415	0.27
416	0.2697
417	0.2698
418	0.2615
419	0.2627
420	0.2608
421	0.2591
422	0.25
423	0.2472
424	0.2453
425	0.2435
426	0.2423
427	0.2394
428	0.2334
429	0.2368
430	0.233
431	0.2317
432	0.2237
433	0.2219
434	0.2148
435	0.2163
436	0.2163
437	0.2078
438	0.2142
439	0.2039
440	0.2063
441	0.2041
442	0.2049
443	0.2041
444	0.2019
445	0.1999
446	0.2021
447	0.1947
448	0.199
449	0.1981
450	0.1961
451	0.1964
452	0.1869
453	0.1877
454	0.1926
455	0.1938
456	0.1923
457	0.1907
458	0.193
459	0.1916
460	0.1913
461	0.1873
462	0.1871
463	0.1825
464	0.1804
465	0.1855
466	0.1767
467	0.1735
468	0.172
469	0.1706
470	0.1759
471	0.1772
472	0.1711
473	0.1721
474	0.1692
475	0.1679
476	0.1663
477	0.1698
478	0.1692
479	0.1642
480	0.1618
481	0.1593
482	0.1604
483	0.1615
484	0.1619
485	0.158
486	0.1582
487	0.1583
488	0.1572
489	0.1534
490	0.1539
491	0.154
492	0.1513
493	0.1483
494	0.1462
495	0.1496
496	0.1462
497	0.1438
498	0.1397
499	0.1397
500	0.1431
501	0.1428
502	0.1443
503	0.1413
504	0.1385
505	0.1371
506	0.1389
507	0.137
508	0.1356
509	0.136
510	0.132
511	0.1316
512	0.1302
513	0.1279
514	0.1305
515	0.1292
516	0.1287
517	0.128
518	0.13
519	0.1286
520	0.1279
521	0.1271
522	0.1316
523	0.1309
524	0.1281
525	0.1264
526	0.1253
527	0.1259
528	0.1249
529	0.1265
530	0.1255
531	0.1216
532	0.1233
533	0.1202
534	0.1186
535	0.1181
536	0.1154
537	0.1166
538	0.1152
539	0.1157
540	0.1153
541	0.1135
542	0.1143
543	0.1141
544	0.1132
545	0.1138
546	0.1114
547	0.1115
548	0.1131
549	0.1099
550	0.1121
551	0.1137
552	0.1131
553	0.1121
554	0.1122
555	0.1133
556	0.112
557	0.1115
558	0.1111
559	0.1087
560	0.1078
561	0.1069
562	0.1084
563	0.1099
564	0.108
565	0.1086
566	0.1065
567	0.1083
568	0.1082
569	0.1073
570	0.1085
571	0.1068
572	0.1102
573	0.1064
574	0.105
575	0.1036
576	0.1037
577	0.1045
578	0.1026
579	0.1035
580	0.1039
581	0.1038
582	0.1027
583	0.1027
584	0.09942
585	0.1024
586	0.1009
587	0.1015
588	0.1005
589	0.1
590	0.09962
591	0.0992
592	0.1002
593	0.09922
594	0.1001
595	0.1001
596	0.101
597	0.09995
598	0.1007
599	0.09872
600	0.09919
601	0.1009
602	0.0993
603	0.0995
604	0.09861
605	0.09692
606	0.09515
607	0.09529
608	0.09621
609	0.09726
610	0.09443
611	0.09431
612	0.09476
613	0.09567
614	0.0957
615	0.09533
616	0.09111
617	0.09107
618	0.09111
619	0.09198
620	0.09226
621	0.09066
622	0.09243
623	0.09133
624	0.09054
625	0.09014
626	0.09074
627	0.09191
628	0.09185
629	0.09174
630	0.08984
631	0.09041
632	0.08997
633	0.09038
634	0.09131
635	0.09066
636	0.09327
637	0.09093
638	0.09016
639	0.09068
640	0.08937
641	0.08796
642	0.08693
643	0.08698
644	0.08918
645	0.08822
646	0.08752
647	0.08874
648	0.08643
649	0.08969
650	0.08862
651	0.08799
652	0.08639
653	0.08697
654	0.08946
655	0.0899
656	0.08902
657	0.08884
658	0.08964
659	0.09201
660	0.08837
661	0.09025
662	0.08975
663	0.08946
664	0.08933
665	0.09153
666	0.08985
667	0.08894
668	0.09061
669	0.08944
670	0.08713
671	0.08889
672	0.08734
673	0.0871
674	0.08572
675	0.08775
676	0.08756
677	0.08665
678	0.08471
679	0.08575
680	0.08401
681	0.08456
682	0.08476
683	0.08461
684	0.08421
685	0.08546
686	0.08658
687	0.08568
688	0.08593
689	0.08711
690	0.0877
691	0.08472
692	0.086
693	0.08511
694	0.0873
695	0.08833
696	0.08724
697	0.08728
698	0.08702
699	0.08669
700	0.08781
701	0.08784
702	0.08696
703	0.08812
704	0.08691
705	0.08587
706	0.08533
707	0.08699
708	0.08413
709	0.08514
710	0.08408
711	0.08465
712	0.08556
713	0.08393
714	0.08407
715	0.0841
716	0.08326
717	0.08461
718	0.08233
719	0.08502
720	0.08441
721	0.08304
722	0.08338
723	0.08057
724	0.0819
725	0.08327
726	0.08468
727	0.08544
728	0.08574
729	0.08507
730	0.0851
731	0.08495
732	0.08399
733	0.08448
734	0.08598
735	0.08695
736	0.08601
737	0.08591
738	0.08635
739	0.08817
740	0.08761
741	0.08744
742	0.08818
743	0.08671
744	0.08787
745	0.08747
746	0.08762
747	0.08593
748	0.08705
749	0.08882
750	0.08568
751	0.08516
752	0.08661
753	0.08643
754	0.08745
755	0.08651
756	0.08719
757	0.08721
758	0.08758
759	0.08766
760	0.08902
761	0.08834
762	0.09056
763	0.08981
764	0.09122
765	0.09068
766	0.09261
767	0.09287
768	0.09345
769	0.0922
770	0.09229
771	0.0921
772	0.09249
773	0.09321
774	0.09301
775	0.09166
776	0.09199
777	0.09063
778	0.09028
779	0.08751
780	0.0891
781	0.08644
782	0.08727
783	0.08827
784	0.08965
785	0.0901
786	0.08839
787	0.09071
788	0.08998
789	0.09093
790	0.08855
791	0.09012
792	0.08889
793	0.08858
794	0.08849
795	0.09015
796	0.08998
797	0.09007
798	0.09146
799	0.08904
800	0.08842
401	0.3173
402	0.3097
403	0.3038
404	0.3031
405	0.2956
406	0.3111
407	0.2999
408	0.292
409	0.2895
410	0.2922
411	0.2844
412	0.2837
413	0.2834
414	0.2842
415	0.281
416	0.2801
417	0.2745
418	0.2757
419	0.2766
420	0.2789
421	0.2766
422	0.2759
423	0.2707
424	0.2696
425	0.2672
426	0.2664
427	0.2668
428	0.2593
429	0.2622
430	0.2597
431	0.2577
432	0.2594
433	0.2526
434	0.2552
435	0.2507
436	0.2523
437	0.248
438	0.2487
439	0.2446
440	0.25
441	0.2464
442	0.2415
443	0.2381
444	0.2336
445	0.2419
446	0.2405
447	0.24
448	0.2373
449	0.2386
450	0.2319
451	0.2289
452	0.2281
453	0.2284
454	0.2259
455	0.2264
456	0.2204
457	0.2252
458	0.2218
459	0.2199
460	0.218
461	0.216
462	0.2146
463	0.2183
464	0.2158
465	0.2122
466	0.2114
467	0.2097
468	0.2055
469	0.2073
470	0.2108
471	0.2051
472	0.2027
473	0.1982
474	0.1957
475	0.1993
476	0.1956
477	0.1952
478	0.1937
479	0.1942
480	0.1917
481	0.1897
482	0.1917
483	0.1902
484	0.1859
485	0.1851
486	0.1839
487	0.1806
488	0.1801
489	0.1822
490	0.1807
491	0.1823
492	0.1797
493	0.1815
494	0.1764
495	0.1791
496	0.1769
497	0.1793
498	0.1748
499	0.1702
500	0.1731
501	0.1676
502	0.1689
503	0.1711
504	0.1694
505	0.1673
506	0.1643
507	0.1652
508	0.1636
509	0.1627
510	0.1619
511	0.1616
512	0.1643
513	0.1657
514	0.1623
515	0.1613
516	0.1626
517	0.1603
518	0.1614
519	0.1627
520	0.1606
521	0.1578
522	0.1569
523	0.1557
524	0.1536
525	0.1551
526	0.1536
527	0.153
528	0.1478
529	0.152
530	0.1496
531	0.1527
532	0.1485
533	0.1495
534	0.1469
535	0.1441
536	0.1443
537	0.1436
538	0.1473
539	0.1455
540	0.1438
541	0.1462
542	0.1442
543	0.1429
544	0.1423
545	0.1461
546	0.142
547	0.1428
548	0.1453
549	0.1436
550	0.144
551	0.1417
552	0.142
553	0.1409
554	0.1405
555	0.1373
556	0.1372
557	0.1344
558	0.1375
559	0.1372
560	0.1361
561	0.1374
562	0.135
563	0.1344
564	0.1333
565	0.1337
566	0.1317
567	0.1323
568	0.1313
569	0.1335
570	0.1317
571	0.1314
572	0.1323
573	0.1321
574	0.1339
575	0.1312
576	0.1342
577	0.1293
578	0.1281
579	0.1304
580	0.13
581	0.1295
582	0.1282
583	0.1292
584	0.132
585	0.1311
586	0.1268
587	0.129
588	0.1264
589	0.1257
590	0.1258
591	0.1275
592	0.1273
593	0.1261
594	0.1288
595	0.1299
596	0.1316
597	0.1291
598	0.1281
599	0.1279
600	0.1296
601	0.1268
602	0.1263
603	0.1248
604	0.1254
605	0.1235
606	0.1254
607	0.1248
608	0.1248
609	0.1255
610	0.1236
611	0.1251
612	0.1233
613	0.1237
614	0.123
615	0.1178
616	0.1193
617	0.1161
618	0.1191
619	0.1166
620	0.1181
621	0.1196
622	0.119
623	0.1199
624	0.1169
625	0.1204
626	0.1223
627	0.1208
628	0.119
629	0.1172
630	0.1225
631	0.1205
632	0.1226
633	0.1227
634	0.1232
635	0.1216
636	0.1222
637	0.1201
638	0.1203
639	0.1204
640	0.1219
641	0.1216
642	0.1214
643	0.1212
644	0.1225
645	0.1207
646	0.1214
647	0.1221
648	0.1212
649	0.1183
650	0.1217
651	0.1209
652	0.1184
653	0.1179
654	0.1196
655	0.1191
656	0.121
657	0.1236
658	0.1244
659	0.1232
660	0.122
661	0.1224
662	0.1224
663	0.1239
664	0.12
665	0.1195
666	0.1178
667	0.1197
668	0.1194
669	0.1197
670	0.1184
671	0.1192
672	0.1173
673	0.117
674	0.1181
675	0.1167
676	0.1178
677	0.1187
678	0.1199
679	0.1206
680	0.121
681	0.1214
682	0.1176
683	0.1189
684	0.1202
685	0.1201
686	0.119
687	0.1189
688	0.1215
689	0.1208
690	0.1205
691	0.1192
692	0.1191
693	0.1185
694	0.121
695	0.1197
696	0.1169
697	0.1179
698	0.1176
699	0.1201
700	0.1216
701	0.1224
702	0.1212
703	0.1181
704	0.1196
705	0.1203
706	0.1177
707	0.119
708	0.12
709	0.1219
710	0.1226
711	0.1225
712	0.1237
713	0.1229
714	0.1227
715	0.1209
716	0.1223
717	0.1219
718	0.1205
719	0.1184
720	0.1177
721	0.1194
722	0.1204
723	0.1182
724	0.1186
725	0.118
726	0.1201
727	0.1199
728	0.1195
729	0.1201
730	0.117
731	0.1183
732	0.118
733	0.1209
734	0.12
735	0.1174
736	0.1179
737	0.1162
738	0.1131
739	0.1135
740	0.1159
741	0.1115
742	0.1128
743	0.1148
744	0.1146
745	0.1157
746	0.1159
747	0.1142
748	0.1136
749	0.1136
750	0.1142
751	0.1165
752	0.1168
753	0.1143
754	0.1144
755	0.1146
756	0.1172
757	0.1157
758	0.1186
759	0.1174
760	0.1173
761	0.1154
762	0.1184
763	0.1206
764	0.118
765	0.1204
766	0.1195
767	0.119
768	0.1166
769	0.118
770	0.1156
771	0.1176
772	0.1167
773	0.1137
774	0.1186
775	0.118
776	0.1164
777	0.1153
778	0.114
779	0.114
780	0.1112
781	0.111
782	0.1121
783	0.1155
784	0.114
785	0.1173
786	0.1198
787	0.1185
788	0.1184
789	0.1194
790	0.1198
791	0.121
792	0.1248
793	0.1224
794	0.1233
795	0.1221
796	0.1192
797	0.1204
798	0.1211
799	0.1167
800	0.1184
